-1.000000000000000000e+01 -1.333986122395170781e+01 2.112961172221210049e+00
-9.899497487437185939e+00 -1.547597624746239831e+01 1.886444187220181368e+00
-9.798994974874371877e+00 -1.452431053954575191e+01 1.775072635314574043e+00
-9.698492462311557816e+00 -1.304080205836748974e+01 1.814741228099153281e+00
-9.597989949748743754e+00 -8.982192993894175359e+00 1.642582075437216238e+00
-9.497487437185929693e+00 -7.800844574245443752e+00 1.865330411173036440e+00
-9.396984924623115631e+00 -1.185674637210440352e+01 1.888371632637422914e+00
-9.296482412060301570e+00 -8.657204818438327010e+00 2.218255561294939948e+00
-9.195979899497487509e+00 -7.445318600970928458e+00 2.063699538686710522e+00
-9.095477386934673447e+00 -8.066267537598859505e+00 1.947779098779869544e+00
-8.994974874371859386e+00 -5.787264529636336974e+00 1.811393184722998928e+00
-8.894472361809045324e+00 -2.215842367293875625e+00 1.904459174985411396e+00
-8.793969849246231263e+00 -3.708567064510753131e+00 2.000358324943424471e+00
-8.693467336683417201e+00 -4.994644239726152790e+00 1.997525031764892489e+00
-8.592964824120603140e+00 -4.548005499576031951e+00 1.821874807687887898e+00
-8.492462311557789079e+00 -3.864577609286910409e+00 1.974544577523783317e+00
-8.391959798994975017e+00 -3.520292447891682386e+00 2.118132909339737857e+00
-8.291457286432160956e+00 -1.091452142391537095e+00 2.105018898601453081e+00
-8.190954773869346894e+00 2.400422560913574088e+00 1.956304660489467384e+00
-8.090452261306532833e+00 7.778032570034175919e+00 2.134503373475526988e+00
-7.989949748743718771e+00 -1.503273707056606678e+00 2.074639432643674120e+00
-7.889447236180904710e+00 3.034880975966071759e+00 1.969876790202403249e+00
-7.788944723618090649e+00 5.116434212708067975e+00 2.157974484719777486e+00
-7.688442211055276587e+00 6.731385302664307346e+00 1.663893276051404024e+00
-7.587939698492462526e+00 6.595805988620164761e+00 1.898501377247894251e+00
-7.487437185929648464e+00 4.588754686429732388e+00 2.350601904708740086e+00
-7.386934673366834403e+00 8.008603434925037234e+00 1.945441054294601013e+00
-7.286432160804020342e+00 3.410378238873936763e+00 1.963028565482486831e+00
-7.185929648241206280e+00 2.717985626250230879e+00 1.861506816271321529e+00
-7.085427135678392219e+00 1.014412476459490087e+01 1.888575449314851662e+00
-6.984924623115578157e+00 9.170759907976425040e+00 1.790048392083910089e+00
-6.884422110552764096e+00 7.915526003049896175e+00 2.138973064660580459e+00
-6.783919597989950034e+00 1.045533253471521995e+01 1.789790841858749371e+00
-6.683417085427135973e+00 6.502570294549566476e+00 1.912651991174201038e+00
-6.582914572864321912e+00 6.835590145270959539e+00 2.471930545337591045e+00
-6.482412060301507850e+00 1.219185691716771380e+01 1.774067612622475032e+00
-6.381909547738693789e+00 9.765409535435647825e+00 2.289667425108563581e+00
-6.281407035175879727e+00 1.395450318113503663e+01 2.215720412860113786e+00
-6.180904522613065666e+00 1.134636024915525176e+01 2.004890149160324153e+00
-6.080402010050251604e+00 1.088076763510128409e+01 1.932596856395685014e+00
-5.979899497487436655e+00 1.275354072400943828e+01 2.149738219953669205e+00
-5.879396984924622593e+00 1.452963163125347101e+01 2.177264954986716461e+00
-5.778894472361808532e+00 1.226214414563582444e+01 1.352763073040577524e+00
-5.678391959798994471e+00 9.412768673081265192e+00 2.206525166814067518e+00
-5.577889447236180409e+00 1.041252804471871940e+01 2.052014606663905560e+00
-5.477386934673366348e+00 8.518125520735877032e+00 1.655434602410011946e+00
-5.376884422110552286e+00 7.465478083815112242e+00 1.940551352185305278e+00
-5.276381909547738225e+00 1.045374725232562696e+01 1.786236542265985827e+00
-5.175879396984924163e+00 1.282069783292880771e+01 2.127373764144182999e+00
-5.075376884422110102e+00 5.851145106007195729e+00 2.184789849671668005e+00
-4.974874371859296041e+00 6.652836647986868357e+00 1.832436736193350679e+00
-4.874371859296481979e+00 1.094060740873243986e+01 1.999422451020529401e+00
-4.773869346733667918e+00 1.419100593580023961e+01 1.922748095110521138e+00
-4.673366834170853856e+00 5.858274342459548478e+00 2.123336965969728318e+00
-4.572864321608039795e+00 1.277962241838823054e+01 1.902491989276080764e+00
-4.472361809045225733e+00 9.365555033402797491e+00 2.281851947342032894e+00
-4.371859296482411672e+00 1.059775695105113513e+01 2.072680502110271217e+00
-4.271356783919597611e+00 1.399646068591769676e+01 2.060356706813809780e+00
-4.170854271356783549e+00 3.077933330661496214e+00 1.890946133373781368e+00
-4.070351758793969488e+00 6.402930919198297488e+00 2.011243970127981395e+00
-3.969849246231155426e+00 3.960391103846542471e+00 1.769202897184025014e+00
-3.869346733668341365e+00 6.709581782370559466e+00 1.799893997869193907e+00
-3.768844221105527303e+00 5.481645339425416097e+00 1.648772822391188608e+00
-3.668341708542713242e+00 3.353296963354900573e+00 1.837106394602483483e+00
-3.567839195979899181e+00 3.762797156702704093e+00 2.373757074571131831e+00
-3.467336683417085119e+00 3.740032090713026669e+00 1.726763782426460558e+00
-3.366834170854271058e+00 2.334340427203918100e+00 2.223689290700907595e+00
-3.266331658291456996e+00 3.570982299717210484e+00 2.007470368931087101e+00
-3.165829145728642935e+00 2.242283321400446283e+00 1.992294737160778206e+00
-3.065326633165828873e+00 3.749183993148273775e+00 1.936640791959377328e+00
-2.964824120603014812e+00 4.846518613384311891e+00 1.745068826330010481e+00
-2.864321608040200751e+00 7.419837369180781295e+00 2.086458102666619574e+00
-2.763819095477386689e+00 5.505633054135768312e+00 2.467283849367843729e+00
-2.663316582914572628e+00 8.829446014046219426e-01 1.930721082827514756e+00
-2.562814070351758566e+00 -1.451750120262636390e+00 2.115993560649148009e+00
-2.462311557788944505e+00 5.274975775976364467e+00 1.949188526353602846e+00
-2.361809045226130443e+00 2.222038609970766299e+00 1.860493627653227122e+00
-2.261306532663316382e+00 3.142092920763382757e+00 2.161085787346802345e+00
-2.160804020100502321e+00 3.700552285335105829e+00 2.255390231585925775e+00
-2.060301507537688259e+00 -1.143610157855226905e+00 2.060310999421052003e+00
-1.959798994974873310e+00 -2.479612356567432840e+00 2.286777780378423497e+00
-1.859296482412059248e+00 -1.532141820435118373e-01 1.849780594870132688e+00
-1.758793969849245187e+00 2.212885168534320712e+00 2.002477873713958356e+00
-1.658291457286431125e+00 -9.528954134364069350e-01 1.793724210143468945e+00
-1.557788944723617064e+00 9.707583935025143607e-01 1.829519290449216795e+00
-1.457286432160803002e+00 3.200610185713873346e+00 2.209805457385544791e+00
-1.356783919597988941e+00 5.712970577080003221e-01 2.078778637080139990e+00
-1.256281407035174880e+00 7.189972998117127867e-01 2.113706280392269932e+00
-1.155778894472360818e+00 -1.092570492970280416e+00 1.955057739828978347e+00
-1.055276381909546757e+00 -1.687932074621168788e+00 2.014633580345149166e+00
-9.547738693467326954e-01 -2.570054074576696657e+00 2.158935876277032762e+00
-8.542713567839186339e-01 -1.378202032126334853e+00 1.796960569511952377e+00
-7.537688442211045725e-01 1.791173752756156201e+00 2.105281375808190969e+00
-6.532663316582905111e-01 2.956718915580206719e+00 1.891380088523259673e+00
-5.527638190954764497e-01 5.031679393270280798e-01 1.452729259644987891e+00
-4.522613065326623882e-01 -1.504962246442974383e+00 1.804161486717737795e+00
-3.517587939698483268e-01 5.435136281557910731e-01 2.218052303116127888e+00
-2.512562814070342654e-01 -6.310221811050172880e-01 2.174694638585487283e+00
-1.507537688442202040e-01 5.243845456380981318e+00 2.143959864101159241e+00
-5.025125628140614253e-02 -1.157414469722675143e+00 2.050480548804552772e+00
5.025125628140791889e-02 -5.804229274327214749e-02 1.767605321931075890e+00
1.507537688442219803e-01 -7.052731816987921620e-01 2.287558074816655296e+00
2.512562814070360417e-01 2.169592394751770570e+00 1.978817616148634162e+00
3.517587939698501032e-01 2.395802279865327122e+00 2.118418395372552610e+00
4.522613065326641646e-01 -1.075658332728536060e+00 2.321586665656811377e+00
5.527638190954782260e-01 2.161385006886581195e+00 1.373704711993239957e+00
6.532663316582922874e-01 3.538815138680795336e+00 2.171438647771980257e+00
7.537688442211063489e-01 1.427651835917874479e+00 2.074065442914837742e+00
8.542713567839204103e-01 4.491405311750578555e+00 2.336166426991526546e+00
9.547738693467344717e-01 3.094722618450489016e+00 2.212671512677431451e+00
1.055276381909548533e+00 1.061488655044974472e+00 2.518910077604455733e+00
1.155778894472362595e+00 1.886265118113353623e+00 1.875765864333470700e+00
1.256281407035176656e+00 1.734260295191273560e+00 2.078784634260211206e+00
1.356783919597990717e+00 5.072270753627478257e+00 2.099800694152397895e+00
1.457286432160804779e+00 4.182975820835160619e+00 2.013794675191742378e+00
1.557788944723618840e+00 9.265375033599085874e-01 1.926748724063164886e+00
1.658291457286432902e+00 1.026506876585737693e+00 1.872552665742761802e+00
1.758793969849246963e+00 1.087576290971833615e+00 2.053793526822843329e+00
1.859296482412061025e+00 4.454287977033297707e+00 1.645553679776446288e+00
1.959798994974875086e+00 3.323553015294970159e+00 1.869368502007169974e+00
2.060301507537689147e+00 5.161846297746315315e+00 2.090539739078184134e+00
2.160804020100503209e+00 3.991246533600981916e+00 1.817505552496410992e+00
2.261306532663317270e+00 1.495914712994440343e+00 2.011604889739793123e+00
2.361809045226131332e+00 2.056517276628322399e-01 2.282606148567198012e+00
2.462311557788945393e+00 -1.210891837359040490e+00 2.086657292003682773e+00
2.562814070351759455e+00 6.218337950093355104e+00 2.251061291285700428e+00
2.663316582914573516e+00 3.757186106340627774e+00 1.779928027628699061e+00
2.763819095477387577e+00 4.134517288298145132e+00 2.011138736249534542e+00
2.864321608040201639e+00 8.044012258654511527e-01 1.971489051433438222e+00
2.964824120603015700e+00 4.652148657734607617e+00 2.000438359447508585e+00
3.065326633165829762e+00 -4.047483929742243802e-01 2.302391993709133722e+00
3.165829145728643823e+00 5.960598994852137622e+00 1.686046291972794986e+00
3.266331658291457885e+00 2.186364169821069403e+00 2.021644727832218269e+00
3.366834170854271946e+00 2.559236068595459823e+00 1.994404215213187559e+00
3.467336683417086007e+00 3.043778021607497219e+00 1.651967560283957193e+00
3.567839195979900069e+00 5.034078046755139368e-01 1.949864826642614180e+00
3.668341708542714130e+00 2.882714143889155700e+00 1.964664930255443309e+00
3.768844221105528192e+00 5.483700474385937440e+00 2.091004134028310091e+00
3.869346733668342253e+00 4.776670669318854312e-01 2.042275684157851767e+00
3.969849246231156314e+00 -2.662871284950359296e+00 2.119445678858529636e+00
4.070351758793970376e+00 1.306043161382743900e+00 2.035177157933428127e+00
4.170854271356784437e+00 -3.238615591727969090e-01 2.038845460333103432e+00
4.271356783919598499e+00 1.131376303093338809e+00 1.610048159499836151e+00
4.371859296482412560e+00 1.534715985377801850e+00 1.962344389864330685e+00
4.472361809045226622e+00 3.623131089642185332e-01 1.858677524664697156e+00
4.572864321608040683e+00 -1.946172128004266977e+00 2.086374249089063770e+00
4.673366834170854744e+00 3.023756174345759717e-02 1.962017799750963798e+00
4.773869346733668806e+00 -7.589539636088748153e+00 2.148076296157407139e+00
4.874371859296482867e+00 -3.420373540601542750e+00 1.767188763906330617e+00
4.974874371859296929e+00 -4.549092569688190757e+00 2.393098007643298164e+00
5.075376884422110990e+00 -3.283919558967937302e+00 1.886558181445073146e+00
5.175879396984925052e+00 -4.065475169532480670e+00 2.272810588812244070e+00
5.276381909547739113e+00 -5.352397540464087555e+00 2.181129194574612740e+00
5.376884422110553174e+00 -4.472089302136971867e+00 1.892034161930190805e+00
5.477386934673367236e+00 -6.381861023144067779e+00 1.943105396851534605e+00
5.577889447236181297e+00 -7.855742801571650169e+00 2.333012635196249462e+00
5.678391959798995359e+00 -6.600729288101081060e+00 2.369988416555618649e+00
5.778894472361809420e+00 -6.242301395002158415e+00 1.951471020541827750e+00
5.879396984924623482e+00 -8.134685878817153437e+00 1.916465655038852134e+00
5.979899497487437543e+00 -5.327689005984735715e+00 2.020290677714435379e+00
6.080402010050253381e+00 -7.679949823902906481e+00 1.727338648510896579e+00
6.180904522613065666e+00 -8.265073453181980057e+00 1.959675456810378691e+00
6.281407035175881504e+00 -1.324015247575299625e+01 1.983008516639181096e+00
6.381909547738693789e+00 -9.584288481404012572e+00 2.161592105936265718e+00
6.482412060301509626e+00 -9.185228466448421614e+00 1.944016414448737295e+00
6.582914572864321912e+00 -1.156972724751930492e+01 1.907762721804199035e+00
6.683417085427137749e+00 -1.325349143415439102e+01 2.298857045008631861e+00
6.783919597989950034e+00 -7.265215332419692196e+00 2.074115751196598190e+00
6.884422110552765872e+00 -1.571814789942820134e+01 1.776571718900705310e+00
6.984924623115578157e+00 -1.521676959528420703e+01 1.788446018105664059e+00
7.085427135678393995e+00 -1.127371812706495646e+01 2.003637335073659376e+00
7.185929648241206280e+00 -9.637405745465741802e+00 2.085212272825009538e+00
7.286432160804022118e+00 -1.412636569949465404e+01 1.932619286818398230e+00
7.386934673366834403e+00 -1.694173358634203197e+01 1.946109962785430358e+00
7.487437185929650241e+00 -1.545116492462863356e+01 1.884775589383689276e+00
7.587939698492462526e+00 -1.351244037250694419e+01 2.082992646407310744e+00
7.688442211055278364e+00 -1.416851319847439505e+01 2.239493347095921738e+00
7.788944723618090649e+00 -1.513920443733027454e+01 1.660358665491765695e+00
7.889447236180906486e+00 -1.947129532691212361e+01 1.742297418876101567e+00
7.989949748743718771e+00 -1.416667719644429368e+01 2.077616714686278954e+00
8.090452261306534609e+00 -1.933902236256488294e+01 1.842488786009667479e+00
8.190954773869346894e+00 -1.679540428106167127e+01 2.316815239050023401e+00
8.291457286432162732e+00 -1.430151371326216214e+01 1.787618886602938328e+00
8.391959798994975017e+00 -1.327460019449153172e+01 1.987327285885964745e+00
8.492462311557790855e+00 -1.115392700063017983e+01 2.141613549922365856e+00
8.592964824120603140e+00 -1.382199800109441767e+01 2.032824508934397034e+00
8.693467336683418978e+00 -1.798050959970075979e+01 1.956465307907103490e+00
8.793969849246231263e+00 -1.436841832406798858e+01 1.747091941956961492e+00
8.894472361809047101e+00 -1.253259483990361289e+01 1.800204914989371963e+00
8.994974874371859386e+00 -1.072431820764219346e+01 2.002108029227492647e+00
9.095477386934675224e+00 -1.137563993164564735e+01 1.916435045762742817e+00
9.195979899497487509e+00 -1.332382420107445142e+01 2.126539572155576430e+00
9.296482412060303346e+00 -1.135784392527435571e+01 2.022479628391780082e+00
9.396984924623115631e+00 -1.034453516638235016e+01 2.160302449952413717e+00
9.497487437185931469e+00 -1.097886316736884460e+01 2.174184436759846850e+00
9.597989949748743754e+00 -7.068695291840768391e+00 2.342798706007083176e+00
9.698492462311559592e+00 -1.248325218568715300e+01 2.373859654710684275e+00
9.798994974874371877e+00 -4.863301719632316278e+00 1.901816325372443162e+00
9.899497487437187715e+00 -8.117527464289663541e+00 1.903553667521808324e+00
1.000000000000000000e+01 -2.530223018160213666e+00 2.316238349788419359e+00
