-1.000000000000000000e+00 1.485322269420481955e+00 1.888401934122519776e+00
-9.899497487437185494e-01 5.201851411139365444e-01 2.244805672518551010e+00
-9.798994974874372099e-01 1.650074518959235625e+00 2.074282866480176679e+00
-9.698492462311557594e-01 3.315332412101317239e-01 2.039920342252752761e+00
-9.597989949748744198e-01 2.194665390885570666e+00 2.219467570740497386e+00
-9.497487437185929693e-01 3.981820460741684053e-01 1.768023678401237087e+00
-9.396984924623115187e-01 6.544865184332957497e-01 1.783078287650643245e+00
-9.296482412060301792e-01 1.735846806286679644e+00 1.987683720231032014e+00
-9.195979899497487287e-01 -1.959199917127620871e+00 2.233844611861131479e+00
-9.095477386934673891e-01 3.150793053164840929e-01 2.021807989321116494e+00
-8.994974874371859386e-01 6.751316851205064751e-01 1.701051217577697727e+00
-8.894472361809044880e-01 1.362114880785864957e+00 1.835160012625937753e+00
-8.793969849246231485e-01 -4.498775779694121901e-01 2.054461060762297731e+00
-8.693467336683416979e-01 3.115908155046929195e+00 1.963338211025647206e+00
-8.592964824120603584e-01 -2.184123995356489267e+00 2.217663446585755427e+00
-8.492462311557789079e-01 6.853251692629704905e-01 2.536710623453400260e+00
-8.391959798994974573e-01 1.658542709371233492e+00 2.277545454363089306e+00
-8.291457286432161178e-01 1.145134518494701492e+00 1.872846751527310616e+00
-8.190954773869346672e-01 6.083760949412292396e-01 2.222042596195425546e+00
-8.090452261306533277e-01 1.595495271779497237e+00 1.916937905619250593e+00
-7.989949748743718771e-01 3.918774824077226882e+00 1.785948257808193329e+00
-7.889447236180904266e-01 6.725262763134286281e+00 2.373056195550355074e+00
-7.788944723618089760e-01 -2.228180099393834990e+00 2.136732780678017640e+00
-7.688442211055276365e-01 1.204383190234951995e+00 2.188405400113474730e+00
-7.587939698492462970e-01 -2.897150342071372009e+00 1.916537801247067740e+00
-7.487437185929648464e-01 2.563560653351137919e+00 1.960100318534409691e+00
-7.386934673366833959e-01 5.322383100019558277e+00 1.947445850404692758e+00
-7.286432160804019453e-01 2.861051547115843974e+00 1.864134437354154183e+00
-7.185929648241206058e-01 2.258848222013591922e+00 2.006702017482449474e+00
-7.085427135678392663e-01 1.189405466316281856e+00 2.058541355415532070e+00
-6.984924623115578157e-01 2.298718347329915979e+00 1.986602479867700000e+00
-6.884422110552763652e-01 3.349134731390860154e+00 2.559186931411054022e+00
-6.783919597989949146e-01 2.732141190045562773e-01 2.423511808808078261e+00
-6.683417085427135751e-01 3.210723712961205845e+00 1.836404542536680395e+00
-6.582914572864322356e-01 3.499001575715996459e+00 1.830417645628042322e+00
-6.482412060301507850e-01 2.593432706645737440e-02 2.101890161817445701e+00
-6.381909547738693345e-01 7.844102573891711394e-01 2.082926726326968847e+00
-6.281407035175878839e-01 1.747786667719389841e+00 1.992408529096198810e+00
-6.180904522613065444e-01 -9.464701994203132962e-01 2.003761417431832115e+00
-6.080402010050250938e-01 -4.615193533610815635e+00 2.508547145611473628e+00
-5.979899497487437543e-01 3.331089286597223698e+00 1.652214840936001128e+00
-5.879396984924623037e-01 3.122969258360655864e+00 1.833456063248420698e+00
-5.778894472361808532e-01 4.447543722374862618e+00 1.861551055268514832e+00
-5.678391959798995137e-01 3.228128726343293398e+00 1.865049778480272424e+00
-5.577889447236180631e-01 4.607466195977941936e+00 2.231456561377570758e+00
-5.477386934673367236e-01 1.812886446594549783e+00 1.895537688776730345e+00
-5.376884422110552730e-01 -1.112373485476603197e-01 2.029052590097195630e+00
-5.276381909547738225e-01 3.569443470497919435e+00 2.157630792922931917e+00
-5.175879396984924830e-01 2.554452874891889991e+00 2.165688495283424775e+00
-5.075376884422110324e-01 -8.042096408401109287e-01 2.386307016780042645e+00
-4.974874371859296929e-01 -9.764382353727394381e-01 2.045728547107049433e+00
-4.874371859296482423e-01 1.876018198547891869e+00 1.938444021937790307e+00
-4.773869346733667918e-01 -6.873520294813975084e-01 2.279611628036193327e+00
-4.673366834170854522e-01 5.034030324299907377e+00 1.733371818741783477e+00
-4.572864321608040017e-01 4.646844405094597619e+00 1.812072254051932951e+00
-4.472361809045225511e-01 1.378818888820272148e+00 2.160278551936028357e+00
-4.371859296482412116e-01 4.182327998192787888e+00 2.072845334635143200e+00
-4.271356783919597611e-01 -1.320409940277513350e+00 2.099036590530467983e+00
-4.170854271356784215e-01 6.776990564386973226e+00 2.156284106118401045e+00
-4.070351758793969710e-01 1.195046602862417373e-01 2.166292510935047932e+00
-3.969849246231155204e-01 2.109936669368335238e-01 2.059212579559923650e+00
-3.869346733668341809e-01 3.639033127171569237e-01 2.343384785020875771e+00
-3.768844221105527303e-01 2.866014259112084961e+00 2.106189811050718674e+00
-3.668341708542713908e-01 4.806234431714353050e+00 1.988485403613577285e+00
-3.567839195979899403e-01 1.604110618247237996e+00 1.975919101450729798e+00
-3.467336683417084897e-01 5.551733974236282565e-01 1.976514094615938966e+00
-3.366834170854271502e-01 1.344158746114991754e+00 1.894109415535535135e+00
-3.266331658291456996e-01 -7.399379514225219445e-01 1.941299174866510713e+00
-3.165829145728643601e-01 -1.076980996228904086e+00 2.067454353440986825e+00
-3.065326633165829096e-01 4.141090192608666953e+00 1.793508582771544013e+00
-2.964824120603014590e-01 4.988885603565854643e-01 1.888069725036977342e+00
-2.864321608040201195e-01 -9.210652591138985823e-01 1.892992868051004640e+00
-2.763819095477386689e-01 1.900709253587653969e+00 1.782068218455260311e+00
-2.663316582914573294e-01 -1.594512657363589270e+00 2.006951994436770192e+00
-2.562814070351758788e-01 1.469726831041870518e+00 2.320149905419856218e+00
-2.462311557788944283e-01 3.678304465232378639e+00 1.864866299912212533e+00
-2.361809045226130888e-01 2.819342895493966772e+00 2.122849495378076323e+00
-2.261306532663316382e-01 5.397235205500403588e-01 1.889849205509311458e+00
-2.160804020100501877e-01 -3.497179837263152180e+00 2.022107528939606880e+00
-2.060301507537688481e-01 -2.217841538768406284e+00 2.169805283180179956e+00
-1.959798994974873976e-01 2.553207584968311128e-01 1.951728063842698147e+00
-1.859296482412060580e-01 1.055077781641089230e+00 1.805998331297630211e+00
-1.758793969849246075e-01 2.682114480317220551e+00 2.151838101188314756e+00
-1.658291457286431569e-01 1.392083799865735827e+00 2.083067312457209663e+00
-1.557788944723618174e-01 -2.167935495359131881e+00 2.130270953456304461e+00
-1.457286432160803669e-01 9.222272342409507662e-01 2.191475677546655287e+00
-1.356783919597990273e-01 4.130887032417908777e+00 1.984568857663872921e+00
-1.256281407035175768e-01 5.453020399461752099e-01 2.010452367656275552e+00
-1.155778894472361262e-01 3.053233572817017905e+00 1.841200362468029317e+00
-1.055276381909547867e-01 2.749795837243133256e+00 1.624867799448547423e+00
-9.547738693467333615e-02 1.904918101200887337e+00 1.703961980447769031e+00
-8.542713567839199662e-02 3.266764322062380987e-01 1.752696570260472431e+00
-7.537688442211054607e-02 3.804109742872434197e+00 1.876789869495242513e+00
-6.532663316582909552e-02 -1.744727624724273785e+00 2.003421430325974750e+00
-5.527638190954775599e-02 -6.798191854661062017e-02 2.113856451417202464e+00
-4.522613065326630544e-02 2.674208260647344737e+00 1.896260842714931005e+00
-3.517587939698496591e-02 -3.394546405664705668e-01 2.177690293350144302e+00
-2.512562814070351536e-02 2.131954199827299057e+00 2.186613106180711252e+00
-1.507537688442206480e-02 -2.583320943933448133e-01 1.965119158271698696e+00
-5.025125628140725276e-03 -7.657067192598925320e-01 1.969022977351571280e+00
5.025125628140614253e-03 3.966359341947093498e+00 2.175299782764635204e+00
1.507537688442206480e-02 1.951009725254706506e+00 2.215716255028297610e+00
2.512562814070351536e-02 2.449924766957276567e-01 2.258970630039876415e+00
3.517587939698496591e-02 7.376874915907516428e-01 2.101369166595624893e+00
4.522613065326641646e-02 6.368782605156262377e-01 1.840345573058979278e+00
5.527638190954764497e-02 1.220174900884973823e+00 1.723828452941291722e+00
6.532663316582909552e-02 3.425305161048629810e+00 2.087339668605376453e+00
7.537688442211054607e-02 4.424677768331383376e+00 1.935397912896768213e+00
8.542713567839199662e-02 4.418240690623981948e+00 2.112632241894345064e+00
9.547738693467344717e-02 -4.645236195421329484e-01 1.966893758774256096e+00
1.055276381909548977e-01 1.835418567946326629e+00 2.155005189814293232e+00
1.155778894472361262e-01 -2.085349791076587245e-01 2.173345463189711779e+00
1.256281407035175768e-01 2.917358834133432222e+00 1.966402607754738296e+00
1.356783919597990273e-01 2.060313031825521168e+00 1.860553170513067345e+00
1.457286432160804779e-01 1.358220151874335091e+00 2.118633200998352173e+00
1.557788944723619284e-01 5.696257034155118859e+00 2.021425910038495477e+00
1.658291457286431569e-01 2.745125220864719218e+00 2.047312572023957333e+00
1.758793969849246075e-01 -8.319048209079855649e-01 2.187021468799280832e+00
1.859296482412060580e-01 -1.021096498747688708e+00 2.047328796117790617e+00
1.959798994974875086e-01 3.243561536141741808e+00 1.886540821938387014e+00
2.060301507537689591e-01 -6.408024200928914560e-01 2.306536316126612363e+00
2.160804020100501877e-01 5.883224913295614922e-01 1.481105223588551567e+00
2.261306532663316382e-01 1.225015655872397025e+00 2.089537235767309209e+00
2.361809045226130888e-01 3.602327427249151448e+00 2.102327512760370443e+00
2.462311557788945393e-01 4.705715900381214567e+00 2.033362964506635340e+00
2.562814070351759899e-01 1.939126811184767929e+00 1.884096426550718517e+00
2.663316582914572184e-01 1.366427358078751819e+00 1.582312039043284546e+00
2.763819095477386689e-01 7.552235513370164632e-01 1.735902149597383204e+00
2.864321608040201195e-01 2.777670952414562855e+00 2.173131786453618819e+00
2.964824120603015700e-01 2.477953098852800906e-01 1.967081134393569242e+00
3.065326633165830206e-01 -1.216935511600928610e+00 2.058827359089647757e+00
3.165829145728642491e-01 1.173552142987490887e+00 1.804810086529631263e+00
3.266331658291456996e-01 6.276984608748823469e-01 1.780929477016432783e+00
3.366834170854271502e-01 2.456881750695556033e+00 1.979303161907071118e+00
3.467336683417086007e-01 5.341990311703345817e+00 1.557873099892632007e+00
3.567839195979900513e-01 2.468390279101935647e+00 2.226799762414580997e+00
3.668341708542712798e-01 4.210951670270164371e+00 1.795222652001459140e+00
3.768844221105527303e-01 2.813373421125610729e+00 1.961075999057411146e+00
3.869346733668341809e-01 4.861275403445857179e+00 1.958498274902309655e+00
3.969849246231156314e-01 1.983936212836327151e+00 2.114270166787772354e+00
4.070351758793970820e-01 5.795277304347036917e+00 1.959947210075887236e+00
4.170854271356783105e-01 3.702037787816954140e+00 2.177701549792942615e+00
4.271356783919597611e-01 6.299883351186809755e+00 2.120739219266525311e+00
4.371859296482412116e-01 2.142712312194376079e+00 2.160521585894020546e+00
4.472361809045226622e-01 5.270064401467387860e+00 1.870238342772841289e+00
4.572864321608041127e-01 5.827210865788037708e+00 2.036518618724871832e+00
4.673366834170853412e-01 3.669657573235689529e+00 2.107951280431969554e+00
4.773869346733667918e-01 7.126404282541465740e+00 1.931102526739141068e+00
4.874371859296482423e-01 5.206411501175180589e+00 1.973418478490220451e+00
4.974874371859296929e-01 9.936588693344052814e-01 2.155625522102401881e+00
5.075376884422111434e-01 8.422582086536415602e+00 2.112303549665875746e+00
5.175879396984925940e-01 5.985402233201806865e+00 2.070748318083608375e+00
5.276381909547738225e-01 6.674362069598531733e+00 1.945338129242051961e+00
5.376884422110552730e-01 1.058789505345989213e+01 2.249480409195103281e+00
5.477386934673367236e-01 5.317956730716867142e+00 1.626003824993813129e+00
5.577889447236181741e-01 6.434053910471511095e+00 2.526112362570638759e+00
5.678391959798996247e-01 4.874563473524032631e+00 2.012014342941089939e+00
5.778894472361808532e-01 4.882370573773870071e+00 1.780770242311476403e+00
5.879396984924623037e-01 7.358382609335145652e+00 2.174559791820303456e+00
5.979899497487437543e-01 5.154230360905609487e+00 2.195878204742104600e+00
6.080402010050252049e-01 9.747369553680135468e+00 2.143641954932208105e+00
6.180904522613066554e-01 6.649322886593546755e+00 1.999235015517008218e+00
6.281407035175878839e-01 7.175373354536341175e+00 1.797153782520511500e+00
6.381909547738693345e-01 9.273993155633355912e+00 2.192321698997873547e+00
6.482412060301507850e-01 1.114002582490834037e+01 1.867531430049598873e+00
6.582914572864322356e-01 7.169197916591629749e+00 1.996629037463647283e+00
6.683417085427136861e-01 9.848809437500271713e+00 2.204178310526106355e+00
6.783919597989949146e-01 1.042281983458725492e+01 2.406247772318171663e+00
6.884422110552763652e-01 9.165386098032344719e+00 1.683825465324601645e+00
6.984924623115578157e-01 1.158930706749904438e+01 2.122125319935035836e+00
7.085427135678392663e-01 9.144301995171865372e+00 2.036482951350550685e+00
7.185929648241207168e-01 6.516262774926270929e+00 1.906136580142043124e+00
7.286432160804019453e-01 1.089133557367970795e+01 2.184115315987192663e+00
7.386934673366833959e-01 8.633242586346057124e+00 1.929570404919639826e+00
7.487437185929648464e-01 1.313285841913167395e+01 1.700867096556367697e+00
7.587939698492462970e-01 1.040659608898623922e+01 1.754309191709523930e+00
7.688442211055277475e-01 1.068774904705557205e+01 2.351806641473983994e+00
7.788944723618089760e-01 1.165753634593962573e+01 2.000007006240636098e+00
7.889447236180904266e-01 8.763877251678646729e+00 2.224199313322398286e+00
7.989949748743718771e-01 1.044747524373450176e+01 1.805881656520165413e+00
8.090452261306533277e-01 1.287947413737149915e+01 1.891760456338412055e+00
8.190954773869347783e-01 1.164848343156059585e+01 2.154019945778550937e+00
8.291457286432160068e-01 1.536050058343832880e+01 1.961558555523435166e+00
8.391959798994974573e-01 1.700460350086487793e+01 2.429853341758453134e+00
8.492462311557789079e-01 1.549847899808221285e+01 1.884128501826949131e+00
8.592964824120603584e-01 1.444976922932749552e+01 2.092987634894956539e+00
8.693467336683418090e-01 1.589942544426674864e+01 2.106088946728515765e+00
8.793969849246230375e-01 1.821451532379091987e+01 2.476515863021752750e+00
8.894472361809044880e-01 1.450152685647074513e+01 2.347364662593452778e+00
8.994974874371859386e-01 1.808834333364357860e+01 1.983824580273695570e+00
9.095477386934673891e-01 2.112216401084268824e+01 1.821611996487426666e+00
9.195979899497488397e-01 1.795705715729411978e+01 2.171515030023750015e+00
9.296482412060300682e-01 1.806912886931641538e+01 1.859776172567175312e+00
9.396984924623115187e-01 1.929349758822334238e+01 1.552642536032021958e+00
9.497487437185929693e-01 1.534296351326489649e+01 1.987680490599331273e+00
9.597989949748744198e-01 1.911110690977703186e+01 2.395814777357151648e+00
9.698492462311558704e-01 1.947505205242752524e+01 2.000160195176606148e+00
9.798994974874373209e-01 2.074441034125116445e+01 1.552775095095613622e+00
9.899497487437185494e-01 2.383361871958994982e+01 2.088635322225437019e+00
1.000000000000000000e+00 1.593819323246475150e+01 2.356254395302131766e+00
