3.942424769578579902e+00 3.270961578707027417e+00 -1.128230723617149636e+02
3.965018388745225053e+00 3.184051414990026529e+00 -1.143383888400385331e+02
3.935617937981410908e+00 3.265470356551110509e+00 -1.138798093987763167e+02
3.930784401083205815e+00 3.317832802062240294e+00 -1.128886043351093349e+02
3.922067383832120946e+00 3.409056412713127759e+00 -1.161232304497307553e+02
3.962440232617317371e+00 3.159137861730326069e+00 -1.128642889959958922e+02
3.953122630960114847e+00 3.195169996388499634e+00 -1.129494002796892858e+02
3.974853332262465067e+00 3.078397856864527160e+00 -1.139631661891273211e+02
3.947599907499375949e+00 3.298098319331797423e+00 -1.176600381849167150e+02
3.941276433556490044e+00 3.269523580401417995e+00 -1.127206393657030929e+02
3.952492923485975584e+00 3.221976227087430367e+00 -1.128300693995155797e+02
3.961109466178056593e+00 3.213167171571343239e+00 -1.152384967309346564e+02
3.935904215519342220e+00 3.274981032077225240e+00 -1.132087598410545155e+02
3.959401545687033064e+00 3.163891647454886602e+00 -1.130465832987604387e+02
3.915268576192132421e+00 3.423351960695431906e+00 -1.145138646621334004e+02
3.948120235442039938e+00 3.229075454864515748e+00 -1.127256096394459064e+02
3.923224441983476307e+00 3.370836834386329528e+00 -1.134147014619119602e+02
3.934172977450498543e+00 3.304582979746923055e+00 -1.128216403379068566e+02
3.988340598600300435e+00 3.012663969235014338e+00 -1.145975426382905624e+02
3.930196021644026594e+00 3.302298511654896629e+00 -1.133566264216245401e+02
3.922793238208274857e+00 3.350725669526622319e+00 -1.131769385625798634e+02
3.961803541378303706e+00 3.161649805041550465e+00 -1.128580130417574594e+02
3.872721619592800035e+00 3.612078672779800659e+00 -1.167790980613604006e+02
3.907973946124773335e+00 3.469769711846838245e+00 -1.158354810243305195e+02
3.953393512916524966e+00 3.227252816195134599e+00 -1.132071275454673867e+02
3.952027539318423432e+00 3.207281197746976176e+00 -1.127748147129465650e+02
3.952154621624426767e+00 3.209642568461915868e+00 -1.127508415222431779e+02
3.921339737588627194e+00 3.365909238339812592e+00 -1.131742258456116161e+02
3.974853332262465067e+00 3.078397856864527160e+00 -1.139631661891273211e+02
3.952555650480694904e+00 3.241195788026173474e+00 -1.138241714901360240e+02
3.953393512916524966e+00 3.227252816195134599e+00 -1.132071275454673867e+02
3.988340598600300435e+00 3.012663969235014338e+00 -1.145975426382905624e+02
3.966193184523008508e+00 3.127604205975698992e+00 -1.133173076001276911e+02
3.933877092191940594e+00 3.312027294476976635e+00 -1.129181956537119902e+02
3.932467146779559553e+00 3.301998672053374051e+00 -1.129289273548570094e+02
3.966193184523008508e+00 3.127604205975698992e+00 -1.133173076001276911e+02
3.935415080540974664e+00 3.306536366561693363e+00 -1.129420603626560649e+02
3.981807645311526311e+00 3.065759940002917183e+00 -1.135289289384786144e+02
3.959401545687033064e+00 3.163891647454886602e+00 -1.130465832987604387e+02
3.991821822831033817e+00 3.029959891928166726e+00 -1.142226907806468859e+02
3.897220114111377587e+00 3.463077589990883887e+00 -1.149772857493602629e+02
3.948120235442039938e+00 3.229075454864515748e+00 -1.127256096394459064e+02
3.925109259284082608e+00 3.338047486584072132e+00 -1.131246496379361020e+02
3.968890121936313520e+00 3.161699253861384840e+00 -1.141682114457077120e+02
3.913730252069192339e+00 3.402555572294797326e+00 -1.134971527304178380e+02
3.947045580273780274e+00 3.243537554098849363e+00 -1.127148306334377992e+02
3.914051504424762129e+00 3.377678622521778085e+00 -1.141361192697130207e+02
3.921214409629544928e+00 3.389250832060779484e+00 -1.139246020998089932e+02
3.931385919435168574e+00 3.298284001302688839e+00 -1.132444069770695592e+02
3.965245640718086051e+00 3.158657772464757763e+00 -1.130143083525064469e+02
3.952542515262862821e+00 3.208389644993068668e+00 -1.127164629751580804e+02
3.976596366685229089e+00 3.048259143032364893e+00 -1.159757265909767057e+02
3.954758769264770102e+00 3.189493148059630023e+00 -1.128887045938749338e+02
3.955727287786436897e+00 3.213160400250694604e+00 -1.131045519544395717e+02
3.940387646917504760e+00 3.260810197337046024e+00 -1.128611852322035531e+02
3.965614536033485127e+00 3.141539441882297279e+00 -1.129661415509803533e+02
3.945115976317974837e+00 3.242724772386738508e+00 -1.127256096394459064e+02
3.931385919435168574e+00 3.298284001302688839e+00 -1.132444069770695592e+02
3.955506112405955399e+00 3.167678356544169738e+00 -1.138547636996893857e+02
3.963760843762478725e+00 3.130097775715730002e+00 -1.137909270181558554e+02
3.938281174398794882e+00 3.286920878285331415e+00 -1.127816141874523481e+02
3.942368270204525071e+00 3.238180274955112736e+00 -1.134076708544613012e+02
3.881532609301892034e+00 3.597004520924502735e+00 -1.175968391811603624e+02
3.927340276352369930e+00 3.308337334787590400e+00 -1.139005155647343059e+02
3.953691472886778691e+00 3.180406152753199045e+00 -1.135629491041455879e+02
3.926288710670469140e+00 3.331313295855489187e+00 -1.131090587771705884e+02
3.932497258613448565e+00 3.317792919920378836e+00 -1.129249294413658760e+02
3.973331718545741076e+00 3.078406899809583486e+00 -1.144391115328587176e+02
3.984152542968258714e+00 3.040944817582969861e+00 -1.139683312819415875e+02
3.943019823350293773e+00 3.248080589904989157e+00 -1.128351130609878794e+02
3.965245640718086051e+00 3.158657772464757763e+00 -1.130143083525064469e+02
3.945171676650467862e+00 3.262066761045769425e+00 -1.129487637664546043e+02
3.971449566274638077e+00 3.113462661755426186e+00 -1.131328410068127255e+02
3.945796292225369761e+00 3.248005398762208173e+00 -1.127155811339620186e+02
3.898921165434272140e+00 3.456760691371401961e+00 -1.147613614121585215e+02
3.902523088549683106e+00 3.419308178189051084e+00 -1.159237574776064577e+02
3.872721619592800035e+00 3.612078672779800659e+00 -1.167790980613604006e+02
3.954008038377829770e+00 3.214158960978863444e+00 -1.128323587949223850e+02
3.991821822831033817e+00 3.029959891928166726e+00 -1.142226907806468859e+02
3.942368270204525071e+00 3.238180274955112736e+00 -1.134076708544613012e+02
3.919470151364468080e+00 3.374080954005835409e+00 -1.132441239551938423e+02
3.969502915376461161e+00 3.134822013038839117e+00 -1.130757828177678306e+02
3.913823810367542677e+00 3.412245461926702639e+00 -1.136450585784674985e+02
3.962400108574001933e+00 3.195295908698341680e+00 -1.141456776516097307e+02
3.967228107318284458e+00 3.184806712166399212e+00 -1.155655144933399328e+02
3.945115976317974837e+00 3.242724772386738508e+00 -1.127256096394459064e+02
3.927654206985614849e+00 3.355217018491022607e+00 -1.135659228376942878e+02
3.938281174398794882e+00 3.286920878285331415e+00 -1.127816141874523481e+02
3.938281174398794882e+00 3.286920878285331415e+00 -1.127816141874523481e+02
3.924052210242241490e+00 3.308853731576702373e+00 -1.153924139436573171e+02
3.963760843762478725e+00 3.130097775715730002e+00 -1.137909270181558554e+02
3.913660171311375890e+00 3.382900940270419987e+00 -1.139768579055676412e+02
3.992183974641432265e+00 3.015420753459124192e+00 -1.141083972618042992e+02
3.875752049634804575e+00 3.594220203600634544e+00 -1.164012962212671596e+02
3.931089250482852737e+00 3.324055836344760539e+00 -1.129441130153483641e+02
3.980930550901026876e+00 3.079574498420666107e+00 -1.135376602555357408e+02
3.935904215519342220e+00 3.274981032077225240e+00 -1.132087598410545155e+02
3.971449566274638077e+00 3.113462661755426186e+00 -1.131328410068127255e+02
3.930196021644026594e+00 3.302298511654896629e+00 -1.133566264216245401e+02
3.914647532629606630e+00 3.406468674491748949e+00 -1.135610003588833052e+02
3.941174737164744535e+00 3.259354266209625983e+00 -1.127964290869768718e+02
3.930635999636079347e+00 3.326674427713219639e+00 -1.129625254844522431e+02
3.980718324642920969e+00 3.087015869674538227e+00 -1.136931925031732931e+02
4.005805492418801350e+00 2.955398194208132878e+00 -1.151248563748580409e+02
3.931670671365694592e+00 3.315590390089908635e+00 -1.128663649855730000e+02
3.905512487807976552e+00 3.429844275494668082e+00 -1.141311353949066785e+02
3.935904215519342220e+00 3.274981032077225240e+00 -1.132087598410545155e+02
3.957865939824674495e+00 3.189209989202538065e+00 -1.127761109738237622e+02
3.952443452653105815e+00 3.202254979819390002e+00 -1.128294818895591050e+02
3.932297750103713518e+00 3.314374112190610067e+00 -1.128647627657809096e+02
3.953393512916524966e+00 3.227252816195134599e+00 -1.132071275454673867e+02
3.988340598600300435e+00 3.012663969235014338e+00 -1.145975426382905624e+02
3.982332663662080829e+00 3.046609711367955775e+00 -1.140234453503025520e+02
3.933877092191940594e+00 3.312027294476976635e+00 -1.129181956537119902e+02
3.972438053843184491e+00 3.138667690398919685e+00 -1.138887944569956687e+02
3.938115452849042963e+00 3.262164899603408497e+00 -1.132742102874295540e+02
3.948755584180998479e+00 3.234535893047644883e+00 -1.127083547914718054e+02
3.961808401222306486e+00 3.148203187197314623e+00 -1.132544425018422629e+02
3.927654206985614849e+00 3.355217018491022607e+00 -1.135659228376942878e+02
3.982332663662080829e+00 3.046609711367955775e+00 -1.140234453503025520e+02
3.960722126898693407e+00 3.167146374704959744e+00 -1.128344811150191447e+02
3.961808401222306486e+00 3.148203187197314623e+00 -1.132544425018422629e+02
3.982332663662080829e+00 3.046609711367955775e+00 -1.140234453503025520e+02
3.931385919435168574e+00 3.298284001302688839e+00 -1.132444069770695592e+02
3.955046476980713432e+00 3.191488233356793991e+00 -1.128066531715986969e+02
3.980718324642920969e+00 3.087015869674538227e+00 -1.136931925031732931e+02
3.956898446749784526e+00 3.172644351401296081e+00 -1.131534260591999157e+02
3.905286601667615543e+00 3.473015945678219030e+00 -1.151023102376281884e+02
3.987747969024985739e+00 3.064101483220755373e+00 -1.146233283809559396e+02
3.960196387956953945e+00 3.170226425836386586e+00 -1.128192181774132905e+02
3.910488659722967331e+00 3.433955795600033056e+00 -1.140012186749900422e+02
3.941683277044395250e+00 3.251157581391221019e+00 -1.129524473851079165e+02
3.913730252069192339e+00 3.402555572294797326e+00 -1.134971527304178380e+02
3.921214409629544928e+00 3.389250832060779484e+00 -1.139246020998089932e+02
3.961559728778825118e+00 3.155937863398741161e+00 -1.129990315213278933e+02
3.974853332262465067e+00 3.078397856864527160e+00 -1.139631661891273211e+02
3.915062253391532909e+00 3.385420228933809561e+00 -1.135588601148453165e+02
4.000282289151337878e+00 3.013728669835886276e+00 -1.163097398142306815e+02
3.932467146779559553e+00 3.301998672053374051e+00 -1.129289273548570094e+02
3.965614536033485127e+00 3.141539441882297279e+00 -1.129661415509803533e+02
3.932532529474116689e+00 3.267003734915723268e+00 -1.151959271987636413e+02
3.942368270204525071e+00 3.238180274955112736e+00 -1.134076708544613012e+02
3.928647408461449331e+00 3.322654685308192413e+00 -1.129855414890034382e+02
3.926197030813865396e+00 3.325817102634330169e+00 -1.132951116744118849e+02
3.959626371252861432e+00 3.189036781174652280e+00 -1.129729642428335978e+02
3.976073199405906866e+00 3.055785081475292042e+00 -1.154014895071610738e+02
3.949008992964909925e+00 3.225123594180142383e+00 -1.127155811339620186e+02
3.969502915376461161e+00 3.134822013038839117e+00 -1.130757828177678306e+02
3.940968985730648910e+00 3.246063676980648793e+00 -1.133585493114330802e+02
3.935415080540974664e+00 3.306536366561693363e+00 -1.129420603626560649e+02
3.955506112405955399e+00 3.167678356544169738e+00 -1.138547636996893857e+02
3.984152542968258714e+00 3.040944817582969861e+00 -1.139683312819415875e+02
3.913660171311375890e+00 3.382900940270419987e+00 -1.139768579055676412e+02
3.934410012643520194e+00 3.311719093317703422e+00 -1.129675310517814069e+02
3.910488659722967331e+00 3.433955795600033056e+00 -1.140012186749900422e+02
3.934078894137168270e+00 3.311879933649126695e+00 -1.129344556847852772e+02
3.926848977561500753e+00 3.350614360774250233e+00 -1.132076668205632330e+02
3.943221643745895566e+00 3.279254021229053073e+00 -1.133131661546445059e+02
3.937821723591657275e+00 3.285651916252626314e+00 -1.127553475871216762e+02
3.947136689707686497e+00 3.225568177485288235e+00 -1.128903262999391472e+02
3.967228107318284458e+00 3.184806712166399212e+00 -1.155655144933399328e+02
3.882350206962660533e+00 3.570772505666107044e+00 -1.160071132007920482e+02
3.976485455180248874e+00 3.105778394423012401e+00 -1.134440791407119633e+02
3.882641262782922098e+00 3.504323414045301011e+00 -1.188620480403913291e+02
3.923623428338076202e+00 3.363720976729743573e+00 -1.132288415283263276e+02
3.926288710670469140e+00 3.331313295855489187e+00 -1.131090587771705884e+02
3.941276433556490044e+00 3.269523580401417995e+00 -1.127206393657030929e+02
3.923623428338076202e+00 3.363720976729743573e+00 -1.132288415283263276e+02
3.937227031957839518e+00 3.291091431344547402e+00 -1.127838965815513177e+02
3.913823810367542677e+00 3.412245461926702639e+00 -1.136450585784674985e+02
3.928647408461449331e+00 3.322654685308192413e+00 -1.129855414890034382e+02
3.961559728778825118e+00 3.155937863398741161e+00 -1.129990315213278933e+02
3.952027539318423432e+00 3.207281197746976176e+00 -1.127748147129465650e+02
3.966193184523008508e+00 3.127604205975698992e+00 -1.133173076001276911e+02
3.918575686966937699e+00 3.372682532016877843e+00 -1.133176468442243845e+02
3.992183974641432265e+00 3.015420753459124192e+00 -1.141083972618042992e+02
3.945171676650467862e+00 3.262066761045769425e+00 -1.129487637664546043e+02
3.947592240881971026e+00 3.228230578366045656e+00 -1.127624068190448270e+02
3.920498989781150190e+00 3.391564429794086344e+00 -1.138796997775846478e+02
3.923224441983476307e+00 3.370836834386329528e+00 -1.134147014619119602e+02
4.014090924970174612e+00 2.901306910891177537e+00 -1.159402650204641532e+02
3.952443452653105815e+00 3.202254979819390002e+00 -1.128294818895591050e+02
3.956898446749784526e+00 3.172644351401296081e+00 -1.131534260591999157e+02
3.974853332262465067e+00 3.078397856864527160e+00 -1.139631661891273211e+02
3.942676494279148791e+00 3.252807409874951983e+00 -1.127685473572541639e+02
3.953393512916524966e+00 3.227252816195134599e+00 -1.132071275454673867e+02
3.937773092122431873e+00 3.303356910347126973e+00 -1.132310129665591205e+02
3.907973946124773335e+00 3.469769711846838245e+00 -1.158354810243305195e+02
3.954133274583566227e+00 3.196250437806106071e+00 -1.127916056038235695e+02
3.931385919435168574e+00 3.298284001302688839e+00 -1.132444069770695592e+02
3.969502915376461161e+00 3.134822013038839117e+00 -1.130757828177678306e+02
3.965245640718086051e+00 3.158657772464757763e+00 -1.130143083525064469e+02
3.980718324642920969e+00 3.087015869674538227e+00 -1.136931925031732931e+02
3.932669204037458233e+00 3.282357470204740668e+00 -1.137597970286894054e+02
3.919800760719136523e+00 3.374636809524558689e+00 -1.132392680569386272e+02
3.931935779126392028e+00 3.269927351356761047e+00 -1.152087458600435355e+02
3.953691472886778691e+00 3.180406152753199045e+00 -1.135629491041455879e+02
3.901207006526572929e+00 3.407689002640023723e+00 -1.181689805903750710e+02
3.967228107318284458e+00 3.184806712166399212e+00 -1.155655144933399328e+02
3.903744869358025227e+00 3.453744131203227763e+00 -1.140592823010693451e+02
3.969502915376461161e+00 3.134822013038839117e+00 -1.130757828177678306e+02
3.981807645311526311e+00 3.065759940002917183e+00 -1.135289289384786144e+02
3.883936019380204385e+00 3.587098228945960532e+00 -1.175599842930993333e+02
3.940546532469426655e+00 3.260248143000369581e+00 -1.128538310166566561e+02
3.932497258613448565e+00 3.317792919920378836e+00 -1.129249294413658760e+02
3.939891538802603677e+00 3.268346767319642243e+00 -1.127624068190448270e+02
3.974853332262465067e+00 3.078397856864527160e+00 -1.139631661891273211e+02
3.942876946238212277e+00 3.264480062990865239e+00 -1.127370671541686136e+02
3.952555650480694904e+00 3.241195788026173474e+00 -1.138241714901360240e+02
3.920483110608879329e+00 3.365629868689290038e+00 -1.132166514452005401e+02
3.918575686966937699e+00 3.372682532016877843e+00 -1.133176468442243845e+02
3.922793238208274857e+00 3.350725669526622319e+00 -1.131769385625798634e+02
3.960987837949122792e+00 3.159281961650665771e+00 -1.129719070781240760e+02
3.967341112881434650e+00 3.139696695074754462e+00 -1.129634197793250223e+02
3.936428042498349544e+00 3.301906486481930969e+00 -1.129347736299802136e+02
3.953786257690075967e+00 3.196404043554470054e+00 -1.128222025861916080e+02
3.935404185055110027e+00 3.289420834671851424e+00 -1.128389069858324376e+02
3.952027539318423432e+00 3.207281197746976176e+00 -1.127748147129465650e+02
3.938115452849042963e+00 3.262164899603408497e+00 -1.132742102874295540e+02
3.940460553238783081e+00 3.257989116632467042e+00 -1.129346561155911388e+02
3.939396460103698150e+00 3.273158384382735431e+00 -1.127502122172127628e+02
3.966193184523008508e+00 3.127604205975698992e+00 -1.133173076001276911e+02
3.955727287786436897e+00 3.213160400250694604e+00 -1.131045519544395717e+02
3.953393512916524966e+00 3.227252816195134599e+00 -1.132071275454673867e+02
3.937659636324299939e+00 3.282085942974618309e+00 -1.127616370439126001e+02
3.950612132809195209e+00 3.232543273965389652e+00 -1.128566036541915736e+02
3.954758769264770102e+00 3.189493148059630023e+00 -1.128887045938749338e+02
3.905512487807976552e+00 3.429844275494668082e+00 -1.141311353949066785e+02
3.932297750103713518e+00 3.314374112190610067e+00 -1.128647627657809096e+02
3.955951131052600545e+00 3.192767909702247220e+00 -1.127412528027558380e+02
3.934078894137168270e+00 3.311879933649126695e+00 -1.129344556847852772e+02
3.923623428338076202e+00 3.363720976729743573e+00 -1.132288415283263276e+02
3.921214409629544928e+00 3.389250832060779484e+00 -1.139246020998089932e+02
3.960678587959422181e+00 3.157777273741799284e+00 -1.130642218903998497e+02
3.898082278412360324e+00 3.456954559556804529e+00 -1.150166473469471669e+02
3.906167239337244190e+00 3.456794919666502874e+00 -1.143161810748066074e+02
3.939283900389802362e+00 3.272888722156702013e+00 -1.127508415222431779e+02
3.892958824975924159e+00 3.531098335374353248e+00 -1.157819898411154753e+02
3.914051504424762129e+00 3.377678622521778085e+00 -1.141361192697130207e+02
3.935834880338664910e+00 3.281316456610729126e+00 -1.129744410510807597e+02
3.926197030813865396e+00 3.325817102634330169e+00 -1.132951116744118849e+02
3.953122630960114847e+00 3.195169996388499634e+00 -1.129494002796892858e+02
3.932049499150560568e+00 3.312514505744167614e+00 -1.128546870488735294e+02
3.967986177474669418e+00 3.131625799558728662e+00 -1.130077273697905014e+02
3.946602119941881703e+00 3.226976844922958332e+00 -1.129321158279009012e+02
3.918575686966937699e+00 3.372682532016877843e+00 -1.133176468442243845e+02
3.938515833481655015e+00 3.290803926760468734e+00 -1.128804208640638365e+02
3.919800760719136523e+00 3.374636809524558689e+00 -1.132392680569386272e+02
3.919470151364468080e+00 3.374080954005835409e+00 -1.132441239551938423e+02
3.906167239337244190e+00 3.456794919666502874e+00 -1.143161810748066074e+02
3.926848977561500753e+00 3.350614360774250233e+00 -1.132076668205632330e+02
3.921214409629544928e+00 3.389250832060779484e+00 -1.139246020998089932e+02
3.937812946730293806e+00 3.294395959044425393e+00 -1.128938244635264283e+02
3.945788122052512836e+00 3.258965697462287814e+00 -1.129439526364495947e+02
3.905512487807976552e+00 3.429844275494668082e+00 -1.141311353949066785e+02
3.926848977561500753e+00 3.350614360774250233e+00 -1.132076668205632330e+02
3.973331718545741076e+00 3.078406899809583486e+00 -1.144391115328587176e+02
3.953691472886778691e+00 3.180406152753199045e+00 -1.135629491041455879e+02
3.949009888117593903e+00 3.222599445394583206e+00 -1.127391556043131118e+02
3.942876946238212277e+00 3.264480062990865239e+00 -1.127370671541686136e+02
3.950946800438318807e+00 3.236355983701558081e+00 -1.130557736714340251e+02
3.941683277044395250e+00 3.251157581391221019e+00 -1.129524473851079165e+02
3.980718324642920969e+00 3.087015869674538227e+00 -1.136931925031732931e+02
3.941683277044395250e+00 3.251157581391221019e+00 -1.129524473851079165e+02
3.959626371252861432e+00 3.189036781174652280e+00 -1.129729642428335978e+02
3.945543650543126279e+00 3.237996799606981391e+00 -1.127697730429504901e+02
3.910488659722967331e+00 3.433955795600033056e+00 -1.140012186749900422e+02
3.936428042498349544e+00 3.301906486481930969e+00 -1.129347736299802136e+02
3.967384729554989331e+00 3.127259343683089110e+00 -1.131440818858752095e+02
3.965018388745225053e+00 3.184051414990026529e+00 -1.143383888400385331e+02
3.940387646917504760e+00 3.260810197337046024e+00 -1.128611852322035531e+02
3.934078894137168270e+00 3.311879933649126695e+00 -1.129344556847852772e+02
3.956898446749784526e+00 3.172644351401296081e+00 -1.131534260591999157e+02
3.948668999193928109e+00 3.234644836439020565e+00 -1.127048909313997029e+02
3.902523088549683106e+00 3.419308178189051084e+00 -1.159237574776064577e+02
3.940968985730648910e+00 3.246063676980648793e+00 -1.133585493114330802e+02
3.883071583151024964e+00 3.556854693013788538e+00 -1.156698597669007711e+02
3.931002657045898019e+00 3.314713357819893513e+00 -1.128863981267170686e+02
3.913823810367542677e+00 3.412245461926702639e+00 -1.136450585784674985e+02
3.907973946124773335e+00 3.469769711846838245e+00 -1.158354810243305195e+02
3.937773092122431873e+00 3.303356910347126973e+00 -1.132310129665591205e+02
3.958152977905027736e+00 3.206126160575779149e+00 -1.133795186896262237e+02
3.914806696538341679e+00 3.367437773159224879e+00 -1.145358625434743089e+02
